IT8.7/2
ORIGINATOR "Eastman Kodak Company"
DESCRIPTOR "Q60R1, IT8.7/2 Data Files, 5x7 inch Ektacolor"
CREATED  "SEPTEMBER 29,1997"
MANUFACTURER " Eastman Kodak Company"
PROD_DATE "1997:08 "
SERIAL  "1997:08 BATCH AVERAGE DATA"
MATERIAL "Ektacolor Product Family"
KEYWORD "MEAN_DE" # Mean Delta E of samples compared to batch average
#
# STDEV_DE in this data set is the average of the standard deviations of
# L*, a* and b*.  It is used to derive an estimate of the chi-squared
# parameter which is recommended as the predictor of the variability of
# DELTAE.  SEE FILE ON THIS DISK CALLED CHI-SQ.*
#
NUMBER_OF_FIELDS 12
BEGIN_DATA_FORMAT
SAMPLE_ID XYZ_X XYZ_Y XYZ_Z LAB_L LAB_A LAB_B STDEV_X STDEV_Y STDEV_Z
    MEAN_DE STDEV_DE
END_DATA_FORMAT
NUMBER_OF_SETS  264
BEGIN_DATA
#ID    X      Y      Z      L      A      B    S_X   S_Y   S_Z   M_DE  S_DE
A01   3.77   3.14   2.34  20.58  12.03   2.10  0.17  0.12  0.12  0.80  0.49
A02   4.70   3.14   1.94  20.60  24.88   5.83  0.19  0.11  0.10  0.82  0.50
A03   5.46   3.07   1.60  20.31  35.46   8.93  0.17  0.09  0.08  0.78  0.47
A04   5.80   3.13   1.46  20.55  38.30  10.89  0.17  0.08  0.07  0.77  0.47
A05  12.81  11.09   8.87  39.72  14.89   1.00  0.42  0.34  0.37  0.92  0.56
A06  15.32  11.31   7.90  40.09  29.04   5.22  0.42  0.30  0.34  0.90  0.55
A07  18.01  11.48   7.06  40.38  42.77   9.11  0.39  0.24  0.31  0.87  0.52
A08  19.60  11.53   6.75  40.46  50.63  10.53  0.31  0.19  0.29  0.84  0.49
A09  42.48  41.78  35.22  70.72   6.65  -1.06  0.86  0.79  0.77  0.77  0.47
A10  44.64  41.50  33.33  70.52  13.86   1.34  0.82  0.75  0.76  0.77  0.46
A11  47.42  41.35  31.52  70.42  22.17   3.90  0.68  0.64  0.74  0.74  0.43
A12  48.13  40.92  30.67  70.12  25.42   4.70  0.62  0.59  0.72  0.73  0.43
A13  70.63  75.20  61.93  89.49  -3.97   0.12  0.67  0.64  0.45  0.43  0.28
A14  73.01  73.76  59.40  88.81   3.95   1.47  0.49  0.55  0.53  0.43  0.27
A15  75.68  78.59  61.02  91.05  -0.20   3.71  0.44  0.47  0.48  0.40  0.23
A16  68.62  71.14  60.01  87.55   0.07  -1.31  0.68  0.68  0.47  0.44  0.28
A17  72.81  73.46  59.35  88.67   4.17   1.27  0.44  0.52  0.48  0.44  0.27
A18  70.89  75.29  61.85  89.53  -3.59   0.27  0.63  0.60  0.41  0.44  0.28
A19  68.84  71.65  60.48  87.80  -0.54  -1.36  0.64  0.64  0.42  0.43  0.27
B01   3.56   3.13   1.84  20.55   8.98   6.77  0.16  0.12  0.08  0.77  0.46
B02   4.34   3.23   1.14  20.92  18.71  15.74  0.18  0.12  0.05  0.80  0.49
B03   4.82   3.11   0.64  20.49  26.86  23.23  0.18  0.11  0.02  0.80  0.50
B04   4.94   3.00   0.46  20.04  30.39  25.79  0.17  0.10  0.02  0.83  0.52
B05  12.72  10.95   6.45  39.50  15.29  10.20  0.40  0.31  0.28  0.91  0.55
B06  15.11  11.43   4.45  40.29  26.88  21.49  0.38  0.28  0.20  0.84  0.51
B07  17.62  11.46   2.56  40.35  40.83  34.35  0.32  0.21  0.12  0.70  0.42
B08  19.24  11.36   1.63  40.17  50.04  42.74  0.24  0.15  0.07  0.55  0.32
B09  41.25  40.65  31.95  69.93   6.38   2.39  0.76  0.68  0.74  0.79  0.47
B10  44.35  41.71  29.45  70.67  12.39   7.58  0.72  0.66  0.73  0.77  0.46
B11  47.09  41.91  26.01  70.81  19.59  13.57  0.63  0.60  0.73  0.80  0.46
B12  48.83  42.37  24.82  71.13  23.00  16.22  0.52  0.52  0.69  0.82  0.46
B13  64.10  70.31  61.51  87.15  -8.23  -3.50  0.74  0.67  0.43  0.50  0.32
B14  68.31  65.60  56.77  84.79  11.27  -2.77  0.46  0.52  0.53  0.43  0.26
B15  74.23  77.14  55.09  90.39  -0.30   8.63  0.43  0.45  0.66  0.52  0.28
B16  56.15  58.23  49.23  80.87  -0.00  -1.35  0.79  0.74  0.69  0.60  0.36
B17  66.49  63.97  50.12  83.95  10.90   2.96  0.42  0.49  0.64  0.55  0.32
B18  62.82  69.00  53.62  86.50  -8.38   3.50  0.75  0.67  0.61  0.59  0.36
B19  57.82  59.24  56.46  81.42   1.72  -8.27  0.73  0.68  0.47  0.52  0.32
C01   5.01   4.86   2.71  26.33   4.04   8.95  0.19  0.16  0.12  0.78  0.47
C02   5.26   4.77   1.56  26.07   8.26  19.22  0.19  0.16  0.06  0.75  0.46
C03   5.58   4.76   0.75  26.03  12.26  30.72  0.21  0.16  0.02  0.92  0.57
C04   5.57   4.52   0.66  25.32  15.07  31.29  0.20  0.15  0.02  0.90  0.56
C05  24.39  23.29  12.23  55.37   8.57  17.23  0.56  0.49  0.45  0.88  0.53
C06  27.22  24.25   6.51  56.33  16.19  38.95  0.52  0.44  0.26  0.82  0.49
C07  29.92  24.91   2.65  56.99  23.88  62.26  0.47  0.40  0.09  0.66  0.40
C08  30.53  24.26   1.47  56.34  28.95  72.44  0.43  0.36  0.04  0.66  0.41
C09  49.12  49.46  36.02  75.73   3.93   6.46  0.75  0.69  0.78  0.71  0.42
C10  51.63  50.32  29.96  76.26   8.33  16.41  0.67  0.64  0.75  0.77  0.44
C11  54.78  51.66  25.33  77.08  12.92  25.59  0.52  0.55  0.70  0.83  0.45
C12  54.67  50.95  21.38  76.64  14.50  32.25  0.48  0.53  0.63  0.85  0.47
C13  54.95  62.92  59.81  83.40 -13.92  -8.27  0.76  0.69  0.41  0.57  0.36
C14  62.57  56.48  52.96  79.89  19.56  -7.19  0.38  0.44  0.48  0.41  0.26
C15  71.72  74.75  44.48  89.28  -0.75  18.75  0.38  0.41  0.77  0.69  0.34
C16  44.03  45.48  39.03  73.21   0.51  -2.02  0.76  0.69  0.74  0.68  0.42
C17  59.88  54.96  40.22  79.01  17.05   6.43  0.41  0.47  0.73  0.67  0.38
C18  51.09  59.02  43.47  81.30 -14.80   6.23  0.81  0.74  0.74  0.72  0.44
C19  45.37  46.06  51.17  73.58   2.77 -16.09  0.70  0.64  0.48  0.56  0.35
D01   4.54   4.80   2.68  26.16  -1.17   8.87  0.18  0.17  0.12  0.78  0.47
D02   4.46   4.69   1.56  25.82  -0.83  18.85  0.18  0.16  0.06  0.77  0.47
D03   4.25   4.49   0.77  25.22  -1.03  29.03  0.18  0.17  0.04  0.99  0.61
D04   4.06   4.41   0.76  24.99  -2.78  28.69  0.17  0.15  0.02  0.94  0.58
D05  27.25  28.48  15.47  60.32  -0.83  17.12  0.59  0.54  0.52  0.88  0.53
D06  28.20  29.93   8.97  61.59  -2.57  38.34  0.56  0.53  0.34  0.83  0.50
D07  27.85  30.01   4.10  61.66  -4.23  60.41  0.56  0.53  0.15  0.73  0.44
D08  26.62  28.10   1.81  59.97  -1.90  75.02  0.53  0.46  0.03  0.80  0.51
D09  55.50  57.84  41.60  80.65  -0.68   7.47  0.69  0.64  0.77  0.65  0.39
D10  56.92  59.26  34.48  81.43  -0.55  18.47  0.66  0.63  0.78  0.72  0.41
D11  57.57  60.24  28.39  81.97  -1.25  28.79  0.63  0.61  0.72  0.77  0.42
D12  59.23  61.45  22.19  82.62  -0.03  40.95  0.54  0.55  0.65  0.84  0.44
D13  46.39  55.53  57.44  79.34 -19.17 -12.87  0.73  0.67  0.40  0.60  0.38
D14  56.99  48.34  49.04  75.04  27.21 -11.19  0.34  0.39  0.48  0.42  0.26
D15  69.57  72.34  36.97  88.13  -0.39  26.51  0.33  0.37  0.76  0.78  0.38
D16  34.57  35.67  30.83  66.27   0.59  -2.19  0.68  0.61  0.72  0.78  0.47
D17  53.02  45.99  31.63  73.54  23.66   9.10  0.38  0.42  0.71  0.76  0.43
D18  41.76  50.66  35.24  76.47 -20.30   8.83  0.75  0.71  0.73  0.75  0.46
D19  36.10  36.04  46.11  66.55   4.56 -22.41  0.64  0.58  0.48  0.61  0.37
E01   4.31   4.98   2.82  26.68  -6.53   8.72  0.18  0.17  0.13  0.77  0.47
E02   3.90   4.95   1.66  26.60 -11.97  19.07  0.16  0.17  0.06  0.74  0.46
E03   3.48   4.86   0.88  26.34 -17.29  28.96  0.14  0.17  0.02  0.87  0.53
E04   3.11   4.78   0.90  26.10 -22.35  28.17  0.13  0.17  0.02  0.85  0.52
E05  12.93  14.73   8.73  45.25  -8.14  11.04  0.38  0.37  0.35  0.85  0.52
E06  12.26  15.50   5.39  46.31 -17.19  26.92  0.37  0.38  0.23  0.81  0.49
E07  11.25  15.80   2.88  46.71 -26.03  42.78  0.36  0.40  0.10  0.77  0.47
E08  10.49  15.14   1.77  45.83 -27.81  51.01  0.33  0.36  0.04  0.84  0.53
E09  38.47  41.49  31.02  70.52  -4.85   4.84  0.69  0.63  0.74  0.76  0.46
E10  37.96  42.43  26.74  71.16  -9.25  12.92  0.69  0.65  0.71  0.79  0.48
E11  37.09  43.05  22.94  71.59 -13.90  20.50  0.68  0.65  0.65  0.80  0.48
E12  35.61  42.45  19.60  71.18 -17.04  26.46  0.66  0.65  0.59  0.79  0.48
E13  38.03  47.82  54.45  74.71 -24.32 -17.72  0.64  0.61  0.40  0.57  0.36
E14  51.20  40.52  44.86  69.84  34.90 -15.24  0.31  0.35  0.44  0.41  0.25
E15  67.22  69.43  29.92  86.72   0.60  34.49  0.34  0.39  0.73  0.83  0.42
E16  26.13  27.09  23.85  59.05   0.06  -2.83  0.56  0.51  0.64  0.78  0.48
E17  47.07  38.83  24.51  68.63  28.91  12.48  0.36  0.37  0.66  0.83  0.46
E18  34.00  43.26  28.16  71.73 -24.91  11.51  0.65  0.65  0.68  0.76  0.47
E19  29.35  28.87  41.94  60.66   5.89 -27.43  0.55  0.50  0.46  0.61  0.36
F01   1.63   2.12   1.56  16.10  -9.95   2.03  0.07  0.08  0.07  0.61  0.37
F02   1.33   2.19   1.27  16.43 -20.06   6.19  0.05  0.08  0.05  0.59  0.38
F03   1.27   2.38   1.04  17.35 -25.55  10.96  0.05  0.09  0.04  0.63  0.42
F04   1.24   2.29   0.73  16.92 -24.85  15.44  0.05  0.09  0.03  0.72  0.47
F05   6.89   8.69   6.70  35.38 -13.99   2.01  0.25  0.26  0.29  0.84  0.51
F06   5.80   9.07   5.79  36.11 -28.73   7.36  0.23  0.29  0.26  0.77  0.47
F07   4.70   9.07   4.77  36.10 -41.99  12.54  0.18  0.27  0.21  0.69  0.41
F08   3.72   8.23   4.06  34.46 -48.47  13.74  0.13  0.22  0.17  0.62  0.37
F09  38.05  41.36  34.75  70.43  -5.79  -0.90  0.67  0.62  0.72  0.69  0.43
F10  36.47  41.69  33.65  70.65 -11.93   1.09  0.65  0.61  0.72  0.71  0.43
F11  35.51  42.45  32.75  71.18 -17.40   3.34  0.67  0.64  0.73  0.72  0.44
F12  34.53  42.83  32.52  71.44 -21.84   4.14  0.67  0.65  0.73  0.72  0.45
F13  31.29  41.21  51.26  70.32 -28.50 -21.82  0.56  0.56  0.40  0.55  0.35
F14  44.20  31.86  39.17  63.23  44.00 -19.40  0.29  0.31  0.40  0.39  0.24
F15  65.15  66.80  23.75  85.40   1.67  42.79  0.33  0.39  0.66  0.88  0.45
F16  19.13  19.84  17.58  51.65  -0.02  -2.80  0.51  0.46  0.59  0.84  0.52
F17  41.80  32.74  18.88  63.95  33.80  15.54  0.34  0.34  0.59  0.86  0.48
F18  27.12  36.37  22.05  66.80 -29.32  13.94  0.59  0.61  0.63  0.79  0.48
F19  22.23  21.37  36.61  53.35   7.64 -32.97  0.44  0.40  0.41  0.59  0.35
G01   2.64   3.39   3.27  21.54 -11.20  -3.47  0.11  0.12  0.15  0.68  0.42
G02   2.12   3.38   3.56  21.48 -21.44  -5.52  0.08  0.11  0.16  0.66  0.41
G03   1.82   3.37   3.65  21.48 -28.43  -6.10  0.07  0.12  0.17  0.68  0.43
G04   1.80   3.42   3.41  21.64 -29.56  -4.22  0.07  0.12  0.16  0.67  0.42
G05   9.55  11.60  11.26  40.56 -12.48  -5.43  0.31  0.31  0.42  0.84  0.52
G06   8.22  11.90  12.14  41.05 -25.87  -7.21  0.28  0.32  0.42  0.79  0.48
G07   6.86  11.85  13.02  40.97 -38.42  -9.82  0.23  0.31  0.44  0.71  0.44
G08   6.07  11.45  13.51  40.33 -43.94 -12.29  0.20  0.29  0.45  0.68  0.41
G09  37.70  41.08  36.34  70.23  -6.06  -3.49  0.65  0.60  0.72  0.67  0.41
G10  35.88  41.52  37.37  70.54 -13.39  -4.38  0.65  0.61  0.72  0.67  0.41
G11  34.95  42.51  38.92  71.22 -19.46  -5.30  0.64  0.61  0.70  0.65  0.40
G12  34.51  43.26  40.24  71.73 -23.13  -6.16  0.65  0.63  0.71  0.64  0.40
G13  25.97  35.70  48.13  66.29 -31.79 -25.23  0.52  0.56  0.43  0.55  0.35
G14  38.71  25.71  34.33  57.76  50.94 -22.13  0.28  0.26  0.37  0.36  0.23
G15  63.12  64.09  18.52  84.01   3.05  50.92  0.36  0.42  0.58  0.91  0.47
G16  13.80  14.34  12.86  44.71  -0.13  -2.94  0.43  0.39  0.49  0.87  0.53
G17  36.49  26.88  13.78  58.87  38.96  18.97  0.32  0.30  0.49  0.89  0.49
G18  21.06  30.01  16.68  61.66 -33.65  16.55  0.54  0.59  0.55  0.82  0.50
G19  16.90  15.80  31.81  46.71   9.50 -37.43  0.41  0.37  0.42  0.63  0.38
H01   2.67   3.12   3.86  20.51  -6.13  -9.11  0.11  0.11  0.17  0.72  0.44
H02   2.43   3.18   5.32  20.76 -11.93 -16.79  0.10  0.11  0.23  0.71  0.44
H03   2.19   3.15   6.71  20.65 -16.46 -23.44  0.08  0.10  0.26  0.69  0.43
H04   2.27   3.21   7.49  20.84 -15.62 -26.35  0.08  0.10  0.28  0.67  0.41
H05   9.70  11.05  13.01  39.66  -7.43 -12.05  0.30  0.29  0.44  0.82  0.50
H06   8.89  11.24  16.76  39.98 -15.40 -21.04  0.30  0.31  0.50  0.75  0.46
H07   8.26  11.81  21.44  40.91 -24.93 -29.48  0.25  0.31  0.51  0.61  0.36
H08   7.61  11.70  23.40  40.73 -30.12 -33.59  0.21  0.28  0.47  0.51  0.30
H09  37.61  40.51  38.59  69.83  -4.64  -7.25  0.66  0.60  0.69  0.65  0.40
H10  37.01  41.29  42.51  70.37  -8.93 -11.39  0.61  0.57  0.64  0.60  0.36
H11  36.00  42.10  47.04  70.94 -14.69 -15.94  0.62  0.60  0.57  0.56  0.34
H12  36.13  43.97  51.34  72.21 -19.74 -18.65  0.63  0.61  0.49  0.54  0.34
H13  21.55  30.85  44.99  62.38 -34.44 -28.24  0.45  0.51  0.43  0.52  0.33
H14  34.29  21.18  30.28  53.14  56.20 -23.97  0.24  0.20  0.30  0.32  0.20
H15  60.99  61.10  13.94  82.43   4.93  59.16  0.36  0.41  0.46  0.89  0.47
H16   9.27   9.64   8.68  37.18  -0.23  -2.70  0.33  0.30  0.37  0.86  0.53
H17  31.88  22.16   9.82  54.20  43.17  22.68  0.29  0.25  0.38  0.86  0.47
H18  16.09  24.47  12.28  56.55 -37.51  19.13  0.46  0.53  0.45  0.80  0.49
H19  12.44  11.25  27.06  39.99  11.33 -41.38  0.35  0.31  0.42  0.63  0.37
I01   4.55   4.66   6.80  25.73   0.84 -15.04  0.17  0.15  0.28  0.80  0.50
I02   4.64   4.62  10.04  25.62   2.49 -27.33  0.17  0.15  0.34  0.75  0.46
I03   4.64   4.53  13.57  25.35   3.63 -38.26  0.15  0.14  0.37  0.62  0.37
I04   4.51   4.39  15.24  24.92   3.81 -43.32  0.14  0.13  0.35  0.54  0.32
I05  14.29  14.67  16.81  45.18   0.87 -12.18  0.39  0.34  0.50  0.80  0.49
I06  14.26  14.49  21.13  44.93   1.77 -21.94  0.39  0.34  0.54  0.75  0.45
I07  14.52  14.74  25.75  45.27   1.85 -30.00  0.40  0.36  0.53  0.68  0.40
I08  14.60  15.23  31.31  45.95  -0.54 -37.97  0.38  0.37  0.45  0.64  0.37
I09  40.04  41.53  39.31  70.54  -0.02  -6.98  0.68  0.61  0.70  0.65  0.40
I10  40.33  41.66  42.90  70.63   0.48 -11.44  0.71  0.64  0.68  0.62  0.38
I11  40.45  41.71  46.57  70.67   0.71 -15.85  0.63  0.58  0.57  0.56  0.34
I12  41.08  42.35  48.81  71.11   0.73 -17.69  0.64  0.58  0.52  0.55  0.33
I13  18.06  26.81  42.08  58.80 -36.36 -30.82  0.39  0.47  0.42  0.50  0.31
I14  31.04  18.16  27.33  49.69  59.54 -25.13  0.23  0.18  0.27  0.29  0.19
I15  58.76  57.86  10.11  80.66   7.27  67.33  0.37  0.41  0.36  0.84  0.46
I16   5.83   6.10   5.54  29.66  -0.56  -2.52  0.23  0.20  0.25  0.84  0.52
I17  27.19  17.66   6.33  49.08  47.33  27.25  0.27  0.22  0.28  0.85  0.47
I18  12.06  19.70   8.59  51.50 -40.89  22.31  0.38  0.46  0.33  0.75  0.47
I19   9.23   7.93  23.24  33.84  13.85 -45.16  0.26  0.23  0.36  0.58  0.34
I20   0.47   0.43   0.41   3.85   2.40  -1.12  0.02  0.02  0.02  0.30  0.18
I21   2.36   1.82   1.21  14.49  13.60   3.70  0.12  0.08  0.06  0.70  0.43
I22   2.57   2.09   1.09  15.97  11.48   7.87  0.12  0.09  0.05  0.68  0.41
J01   2.15   1.87   3.37  14.77   7.98 -15.79  0.10  0.08  0.17  0.75  0.48
J02   2.56   1.88   5.75  14.82  16.23 -29.16  0.11  0.07  0.24  0.77  0.49
J03   2.93   1.80   8.89  14.37  25.03 -42.80  0.11  0.06  0.26  0.63  0.39
J04   3.12   1.79  11.16  14.33  28.66 -50.38  0.09  0.06  0.22  0.44  0.27
J05  11.35  11.00  13.16  39.58   5.43 -12.60  0.37  0.31  0.47  0.86  0.53
J06  12.12  10.88  16.94  39.37  11.76 -22.52  0.36  0.29  0.50  0.78  0.47
J07  12.77  10.77  21.06  39.18  17.02 -31.72  0.37  0.29  0.49  0.70  0.41
J08  13.91  11.23  25.02  39.96  20.99 -37.87  0.38  0.30  0.45  0.65  0.37
J09  40.56  41.11  38.99  70.25   2.88  -7.06  0.72  0.64  0.74  0.65  0.40
J10  41.27  41.02  42.20  70.19   5.29 -11.33  0.67  0.60  0.67  0.61  0.37
J11  42.39  41.16  46.17  70.29   8.25 -16.03  0.63  0.56  0.56  0.55  0.32
J12  43.45  41.52  48.64  70.54  10.32 -18.48  0.61  0.55  0.50  0.53  0.32
J13  14.68  22.68  38.30  54.74 -37.97 -32.88  0.32  0.41  0.41  0.46  0.27
J14  27.75  15.47  24.54  46.27  61.73 -26.15  0.24  0.17  0.26  0.30  0.19
J15  56.15  53.98   6.75  78.45  10.44  76.03  0.40  0.44  0.27  0.78  0.46
J16   3.22   3.32   2.91  21.27   0.36  -1.32  0.15  0.14  0.16  0.77  0.48
J17  22.65  13.67   3.66  43.76  50.93  32.25  0.26  0.18  0.19  0.80  0.45
J18   8.40  15.02   5.48  45.65 -44.10  25.30  0.30  0.40  0.24  0.72  0.44
J19   6.19   4.85  18.63  26.29  17.85 -48.86  0.19  0.17  0.35  0.54  0.30
J20   7.60   5.01   1.47  26.77  30.00  21.48  0.24  0.15  0.08  0.68  0.42
J21  10.94   7.44   1.97  32.78  31.78  26.50  0.28  0.19  0.10  0.67  0.42
J22  14.15  10.33   3.24  38.43  29.12  25.89  0.34  0.25  0.16  0.73  0.45
K01   5.33   4.41   5.84  24.98  13.84 -12.07  0.20  0.15  0.27  0.85  0.53
K02   6.72   4.41   8.30  24.98  29.11 -22.35  0.22  0.13  0.30  0.80  0.50
K03   7.82   4.24  10.66  24.43  42.11 -31.40  0.21  0.11  0.26  0.65  0.40
K04   9.09   4.67  12.75  25.77  47.46 -35.29  0.21  0.11  0.22  0.54  0.32
K05  16.36  14.86  16.54  45.44  11.92 -11.10  0.42  0.34  0.51  0.82  0.50
K06  18.11  14.43  19.68  44.84  24.07 -19.12  0.39  0.30  0.50  0.72  0.44
K07  20.07  13.97  23.40  44.19  36.86 -27.62  0.40  0.29  0.44  0.61  0.36
K08  22.41  14.43  26.08  44.84  45.14 -31.33  0.38  0.26  0.35  0.50  0.29
K09  42.01  41.35  38.73  70.42   6.55  -6.42  0.65  0.57  0.71  0.65  0.40
K10  44.88  41.95  42.37  70.83  13.20 -10.44  0.60  0.53  0.65  0.58  0.35
K11  47.22  42.04  45.97  70.89  19.57 -14.74  0.54  0.49  0.53  0.49  0.29
K12  49.12  42.37  47.70  71.13  23.76 -16.38  0.49  0.46  0.45  0.44  0.27
K13  11.59  18.63  34.04  50.25 -38.76 -34.66  0.25  0.34  0.39  0.42  0.24
K14  25.34  13.73  22.80  43.85  62.31 -27.08  0.23  0.15  0.23  0.28  0.18
K15  53.67  50.29   4.46  76.25  13.66  83.42  0.36  0.40  0.16  0.64  0.39
K16   1.73   1.80   1.60  14.37  -0.12  -1.30  0.09  0.08  0.09  0.65  0.41
K17  19.06  10.80   2.02  39.24  53.16  37.24  0.21  0.14  0.10  0.65  0.38
K18   5.70  11.20   3.32  39.92 -46.25  27.90  0.19  0.29  0.13  0.58  0.35
K19   4.01   2.71  14.49  18.84  23.03 -51.93  0.11  0.09  0.26  0.44  0.25
K20  27.92  24.03  12.36  56.12  19.94  18.14  0.50  0.44  0.49  0.90  0.55
K21  33.62  28.76  13.83  60.57  21.85  21.78  0.53  0.46  0.51  0.87  0.52
K22  37.23  32.94  20.35  64.11  18.76  12.71  0.56  0.49  0.64  0.82  0.49
L01   3.75   3.06   3.05  20.29  12.97  -4.01  0.15  0.10  0.15  0.77  0.48
L02   4.67   3.02   3.39  20.14  26.52  -6.67  0.17  0.10  0.17  0.81  0.50
L03   5.56   3.01   3.69  20.07  37.69  -8.81  0.16  0.08  0.17  0.81  0.50
L04   6.97   3.64   4.37  22.46  42.49  -8.76  0.17  0.08  0.18  0.81  0.50
L05  13.13  11.17  11.04  39.85  16.44  -5.99  0.34  0.26  0.41  0.86  0.53
L06  15.62  11.10  11.78  39.75  32.28  -8.41  0.33  0.22  0.39  0.77  0.47
L07  18.57  11.03  12.97  39.62  48.98 -12.04  0.28  0.17  0.37  0.69  0.42
L08  20.26  10.96  13.73  39.51  57.99 -14.27  0.24  0.13  0.34  0.62  0.36
L09  41.90  40.65  35.81  69.93   8.32  -3.26  0.57  0.50  0.70  0.67  0.41
L10  44.32  40.56  36.60  69.86  15.76  -4.47  0.54  0.47  0.67  0.63  0.39
L11  48.04  41.57  38.15  70.57  23.24  -5.38  0.45  0.41  0.63  0.58  0.35
L12  49.66  42.04  39.00  70.90  26.23  -5.96  0.41  0.40  0.62  0.56  0.34
L13   8.65  14.39  28.83  44.78 -38.19 -36.06  0.17  0.25  0.36  0.40  0.23
L14  21.27  11.01  19.15  39.59  62.47 -27.05  0.22  0.13  0.21  0.31  0.19
L15  50.17  45.41   2.59  73.16  17.85  90.61  0.33  0.33  0.07  0.42  0.26
L16   0.74   0.77   0.68   6.99  -0.15  -0.69  0.04  0.04  0.03  0.43  0.27
L17  15.36   8.14   0.91  34.27  54.36  42.11  0.17  0.10  0.04  0.43  0.27
L18   3.47   7.55   1.75  33.03 -46.31  29.23  0.11  0.19  0.05  0.49  0.30
L19   2.56   1.43  10.86  12.16  27.81 -53.17  0.06  0.04  0.20  0.36  0.22
L20  34.98  30.32  21.53  61.93  20.68   6.57  0.56  0.48  0.64  0.82  0.50
L21  37.21  33.20  22.95  64.32  17.83   7.95  0.55  0.47  0.65  0.80  0.48
L22  38.71  36.21  24.99  66.68  12.48   8.27  0.56  0.49  0.66  0.77  0.47
Dmin 77.99  80.84  69.89  92.06   0.08  -2.91  0.24  0.25  0.15  0.18  0.11
GS1  68.04  70.50  59.73  87.24   0.15  -1.58  0.35  0.31  0.42  0.32  0.20
GS2  60.43  62.67  52.50  83.27   0.02  -0.87  0.46  0.41  0.58  0.45  0.27
GS3  52.91  54.81  46.55  78.93   0.18  -1.58  0.53  0.47  0.66  0.53  0.32
GS4  46.80  48.61  41.60  75.21  -0.19  -1.92  0.56  0.49  0.69  0.61  0.37
GS5  41.30  42.75  36.76  71.38   0.25  -2.08  0.57  0.50  0.68  0.66  0.40
GS6  35.48  36.81  31.64  67.13  -0.04  -1.96  0.52  0.45  0.64  0.69  0.42
GS7  30.51  31.67  27.52  63.07  -0.09  -2.36  0.49  0.43  0.62  0.73  0.44
GS8  26.18  27.17  23.75  59.13  -0.06  -2.51  0.47  0.41  0.61  0.79  0.48
GS9  22.21  23.01  20.11  55.08   0.12  -2.37  0.44  0.37  0.56  0.81  0.49
GS10 18.50  19.17  16.76  50.88   0.06  -2.22  0.39  0.34  0.51  0.82  0.50
GS11 15.59  16.11  14.15  47.11   0.31  -2.28  0.36  0.31  0.47  0.83  0.51
GS12 13.15  13.66  12.02  43.74  -0.17  -2.21  0.34  0.29  0.43  0.86  0.53
GS13 10.55  10.98   9.66  39.55  -0.34  -2.04  0.30  0.26  0.38  0.86  0.53
GS14  8.53   8.84   7.78  35.68   0.01  -1.92  0.27  0.24  0.33  0.88  0.54
GS15  6.61   6.87   5.99  31.50  -0.13  -1.48  0.24  0.21  0.28  0.88  0.54
GS16  4.83   5.05   4.45  26.86  -0.49  -1.66  0.19  0.17  0.22  0.81  0.51
GS17  3.66   3.79   3.25  22.97  -0.02  -0.85  0.15  0.14  0.17  0.79  0.49
GS18  2.59   2.70   2.36  18.80  -0.36  -1.13  0.11  0.10  0.12  0.71  0.44
GS19  1.96   2.04   1.71  15.68  -0.03  -0.29  0.09  0.08  0.09  0.64  0.40
GS20  1.26   1.30   1.08  11.29   0.08  -0.13  0.06  0.06  0.06  0.56  0.35
GS21  0.98   1.02   0.85   9.17  -0.10  -0.12  0.05  0.04  0.04  0.52  0.32
GS22  0.75   0.77   0.66   6.96   0.18  -0.47  0.03  0.03  0.03  0.41  0.25
Dmax  0.30   0.29   0.28   2.59   1.18  -0.84  0.02  0.02  0.02  0.24  0.15
END_DATA
